name: "Burdekin"
centroid: [-19.670, 147.545]  # [lat, lon]
bbox: [147.467342, -19.725953, 147.622416, -19.614811]  # [lon_min, lat_min, lon_max, lat_max]
dry_months: [6, 7, 8, 9, 10]
